node     50%	sd	2.5%	97.5%	Rhat	n.eff	scen    MA	
1	-0.9329	0.2725	-1.4467	-0.4507	1.0029	11000	1	1
2	-0.943	0.2707	-1.4454	-0.4412	1.0014	27000	2	1
3	-0.946	0.2623	-1.4526	-0.4501	1.0011	15000	3	1
4	-0.9487	0.2616	-1.4551	-0.4625	1.0011	18000	4	1
5	-0.9576	0.2688	-1.4749	-0.4663	1.001	27000	5	1
6	-0.9294	0.2629	-1.4401	-0.436	1.0011	14000	6	1
7	-0.933	0.2606	-1.4375	-0.4488	1.001	27000	7	1
8	-0.9441	0.2749	-1.4476	-0.4512	1.0011	17000	8	1
9	-0.9412	0.2599	-1.4411	-0.461	1.001	27000	9	1
10	-0.9499	0.2638	-1.4529	-0.4592	1.001	27000	10	1
11	-0.9179	0.2618	-1.4241	-0.4331	1.0012	27000	11	1
12	-0.926	0.2616	-1.4253	-0.4394	1.0011	12000	12	1
13	-0.9275	0.273	-1.4421	-0.4316	1.0029	27000	13	1
14	-0.9335	0.2644	-1.4421	-0.4447	1.0012	7800	14	1
15	-0.9419	0.2661	-1.4494	-0.4518	1.0013	5700	15	1
16	-0.9059	0.27	-1.4162	-0.4234	1.0017	19000	16	1
17	-0.912	0.2685	-1.4215	-0.4337	1.0011	11000	17	1
18	-0.9227	0.2625	-1.426	-0.4326	1.001	27000	18	1
19	-0.9269	0.2634	-1.4235	-0.4366	1.001	27000	19	1
20	-0.9318	0.2613	-1.4371	-0.4523	1.001	27000	20	1
21	-0.8979	0.2636	-1.3985	-0.4099	1.0009	27000	21	1
22	-0.9021	0.2602	-1.407	-0.4175	1.001	27000	22	1
23	-0.9119	0.2601	-1.4132	-0.418	1.001	27000	23	1
24	-0.9155	0.2809	-1.4253	-0.4388	1.0102	17000	24	1
25	-0.9235	0.2685	-1.4411	-0.4313	1.0011	16000	25	1
26	-1.4001	0.2158	-1.8585	-1.011	1.001	26000	1	2
27	-1.4281	0.2161	-1.8966	-1.0444	1.0013	5000	2	2
28	-1.459	0.2159	-1.9275	-1.0708	1.0011	9900	3	2
29	-1.4848	0.2171	-1.9501	-1.0995	1.0012	6500	4	2
30	-1.5155	0.214	-1.98	-1.1322	1.0011	15000	5	2
31	-1.3722	0.2194	-1.8473	-0.9748	1.0013	5400	6	2
32	-1.4007	0.2201	-1.873	-1.0082	1.001	27000	7	2
33	-1.4251	0.2159	-1.8945	-1.0433	1.0011	9800	8	2
34	-1.4561	0.2196	-1.9292	-1.0684	1.001	27000	9	2
35	-1.4808	0.219	-1.9534	-1.0935	1.001	27000	10	2
36	-1.346	0.2231	-1.8271	-0.9429	1.001	27000	11	2
37	-1.3691	0.2199	-1.8484	-0.973	1.001	27000	12	2
38	-1.4016	0.2248	-1.8916	-1.0033	1.001	25000	13	2
39	-1.4256	0.219	-1.9064	-1.0382	1.0011	10000	14	2
40	-1.4509	0.2204	-1.9367	-1.0645	1.001	27000	15	2
41	-1.3174	0.2271	-1.8044	-0.9079	1.0011	11000	16	2
42	-1.345	0.2268	-1.8305	-0.9322	1.0015	3700	17	2
43	-1.3701	0.2272	-1.8601	-0.9664	1.0011	11000	18	2
44	-1.3928	0.2266	-1.8871	-0.9956	1.0016	3200	19	2
45	-1.4212	0.225	-1.9118	-1.0319	1.0012	6900	20	2
46	-1.2882	0.2305	-1.7824	-0.8746	1.0013	6400	21	2
47	-1.3129	0.2333	-1.825	-0.901	1.001	27000	22	2
48	-1.3404	0.2301	-1.8421	-0.9381	1.001	20000	23	2
49	-1.3663	0.2258	-1.8632	-0.9642	1.001	27000	24	2
50	-1.3958	0.2279	-1.894	-0.9921	1.0011	16000	25	2
51	-0.7691	0.2389	-1.2279	-0.3371	1.0011	17000	1	3
52	-0.7847	0.2434	-1.2576	-0.3571	1.0011	13000	2	3
53	-0.7919	0.2441	-1.2582	-0.3497	1.0009	27000	3	3
54	-0.802	0.2459	-1.2777	-0.3565	1.0009	27000	4	3
55	-0.8138	0.2461	-1.2871	-0.3679	1.001	27000	5	3
56	-0.7596	0.2517	-1.223	-0.3212	1.0038	7000	6	3
57	-0.7708	0.2452	-1.2349	-0.3354	1.0011	11000	7	3
58	-0.7819	0.2375	-1.2511	-0.3406	1.001	22000	8	3
59	-0.79	0.2432	-1.2562	-0.3528	1.001	27000	9	3
60	-0.8001	0.2524	-1.2754	-0.3578	1.001	27000	10	3
61	-0.7451	0.2446	-1.2136	-0.3154	1.0011	11000	11	3
62	-0.7568	0.2493	-1.2257	-0.3195	1.002	27000	12	3
63	-0.769	0.2597	-1.2403	-0.3312	1.0103	26000	13	3
64	-0.7775	0.2398	-1.2507	-0.351	1.0011	14000	14	3
65	-0.7912	0.2452	-1.2622	-0.347	1.0011	17000	15	3
66	-0.7359	0.2358	-1.1874	-0.3057	1.001	27000	16	3
67	-0.7445	0.2378	-1.2032	-0.3172	1.001	27000	17	3
68	-0.7584	0.2451	-1.2266	-0.3172	1.001	27000	18	3
69	-0.7659	0.2471	-1.2399	-0.3328	1.001	27000	19	3
70	-0.7812	0.2433	-1.2529	-0.3446	1.0011	11000	20	3
71	-0.7253	0.2399	-1.1907	-0.2994	1.001	27000	21	3
72	-0.7307	0.2593	-1.191	-0.2943	1.0072	27000	22	3
73	-0.7442	0.2427	-1.2107	-0.3137	1.001	27000	23	3
74	-0.7561	0.2401	-1.2276	-0.3204	1.0012	6500	24	3
75	-0.7668	0.2422	-1.2294	-0.3307	1.001	27000	25	3
76	-0.1011	0.2636	-0.6075	0.3916	1.001	27000	1	4
77	-0.124	0.2564	-0.625	0.3667	1.0011	10000	2	4
78	-0.1441	0.2598	-0.6527	0.3488	1.001	27000	3	4
79	-0.167	0.2604	-0.6773	0.3222	1.001	19000	4	4
80	-0.1841	0.2618	-0.6998	0.31	1.0011	15000	5	4
81	-0.0768	0.2576	-0.5748	0.4121	1.0012	7200	6	4
82	-0.098	0.2581	-0.5943	0.3962	1.001	27000	7	4
83	-0.1181	0.2647	-0.6127	0.382	1.0012	19000	8	4
84	-0.142	0.2622	-0.6469	0.3551	1.001	19000	9	4
85	-0.1604	0.264	-0.6747	0.3398	1.001	21000	10	4
86	-0.0536	0.254	-0.5507	0.4359	1.001	21000	11	4
87	-0.0713	0.2511	-0.5575	0.4081	1.001	27000	12	4
88	-0.0952	0.2596	-0.6001	0.3965	1.001	27000	13	4
89	-0.1143	0.2561	-0.6159	0.3743	1.0009	27000	14	4
90	-0.1339	0.2609	-0.6367	0.3686	1.0011	15000	15	4
91	-0.0279	0.254	-0.5221	0.4587	1.001	27000	16	4
92	-0.0468	0.2556	-0.5399	0.4435	1.0011	17000	17	4
93	-0.0674	0.2521	-0.5567	0.4123	1.0013	6200	18	4
94	-0.092	0.2552	-0.5883	0.4031	1.001	27000	19	4
95	-0.1094	0.2606	-0.6078	0.3803	1.0011	11000	20	4
96	0.0021	0.2518	-0.4816	0.4801	1.0012	6600	21	4
97	-0.0193	0.2512	-0.5084	0.467	1.0012	9200	22	4
98	-0.0406	0.2563	-0.5401	0.4461	1.001	27000	23	4
99	-0.0602	0.2585	-0.5539	0.4238	1.0011	11000	24	4
100	-0.0839	0.2537	-0.5741	0.3951	1.0011	11000	25	4
101	-0.1625	0.263	-0.6345	0.2992	1.001	27000	1	5
102	-0.1746	0.2525	-0.6439	0.2843	1.0011	12000	2	5
103	-0.188	0.2512	-0.6509	0.2856	1.001	27000	3	5
104	-0.1898	0.2519	-0.672	0.2727	1.001	24000	4	5
105	-0.1971	0.26	-0.6791	0.2776	1.001	27000	5	5
106	-0.1549	0.2583	-0.638	0.3102	1.001	27000	6	5
107	-0.1653	0.2522	-0.6318	0.2988	1.001	23000	7	5
108	-0.1769	0.2548	-0.6516	0.2906	1.001	27000	8	5
109	-0.1833	0.2555	-0.6626	0.2714	1.0014	27000	9	5
110	-0.1917	0.2523	-0.6687	0.2708	1.0015	3900	10	5
111	-0.1518	0.2497	-0.6272	0.3069	1.0012	6600	11	5
112	-0.1603	0.2519	-0.6387	0.3034	1.001	27000	12	5
113	-0.1689	0.2537	-0.6469	0.2947	1.0009	27000	13	5
114	-0.1782	0.2572	-0.6487	0.2841	1.0025	27000	14	5
115	-0.1831	0.2529	-0.6558	0.2721	1.0014	20000	15	5
116	-0.1446	0.2483	-0.6101	0.3084	1.001	21000	16	5
117	-0.1539	0.2522	-0.6234	0.3124	1.001	27000	17	5
118	-0.1591	0.2429	-0.6354	0.2904	1.0011	13000	18	5
119	-0.1739	0.2476	-0.6426	0.2946	1.0009	27000	19	5
120	-0.1792	0.251	-0.6456	0.2805	1.0011	12000	20	5
121	-0.1387	0.248	-0.6155	0.3151	1.001	27000	21	5
122	-0.1489	0.2484	-0.6343	0.3057	1.0012	8400	22	5
123	-0.1542	0.247	-0.6243	0.3032	1.0009	27000	23	5
124	-0.162	0.2473	-0.635	0.3003	1.001	27000	24	5
125	-0.1745	0.2543	-0.6458	0.2899	1.0011	16000	25	5
126	-0.9902	0.3634	-1.716	-0.2728	1.0011	15000	1	6
127	-1.0123	0.3626	-1.7424	-0.3058	1.0009	27000	2	6
128	-1.031	0.3651	-1.7764	-0.3171	1.0009	27000	3	6
129	-1.0518	0.3729	-1.8041	-0.3273	1.0011	16000	4	6
130	-1.0738	0.3789	-1.8348	-0.3407	1.0009	27000	5	6
131	-0.9687	0.3619	-1.6957	-0.2583	1.001	27000	6	6
132	-0.9927	0.3625	-1.7288	-0.2813	1.001	27000	7	6
133	-1.0107	0.369	-1.7584	-0.2903	1.001	27000	8	6
134	-1.0328	0.3716	-1.7814	-0.3018	1.001	27000	9	6
135	-1.0558	0.3712	-1.8039	-0.3347	1.0009	27000	10	6
136	-0.9537	0.3574	-1.6732	-0.2556	1.001	27000	11	6
137	-0.9737	0.3626	-1.6974	-0.2549	1.001	27000	12	6
138	-0.9963	0.3649	-1.7398	-0.2782	1.001	27000	13	6
139	-1.0152	0.3707	-1.7634	-0.2827	1.001	27000	14	6
140	-1.0386	0.37	-1.7929	-0.3162	1.0013	5300	15	6
141	-0.9345	0.359	-1.6622	-0.2324	1.001	22000	16	6
142	-0.9524	0.3592	-1.683	-0.2519	1.0011	13000	17	6
143	-0.9783	0.3625	-1.7066	-0.2629	1.001	27000	18	6
144	-0.9967	0.3672	-1.7383	-0.2799	1.0011	12000	19	6
145	-1.0166	0.372	-1.7595	-0.2919	1.0011	13000	20	6
146	-0.9142	0.3552	-1.6238	-0.2148	1.001	27000	21	6
147	-0.9379	0.3623	-1.6709	-0.2247	1.001	27000	22	6
148	-0.9591	0.367	-1.7056	-0.2377	1.001	24000	23	6
149	-0.9764	0.3658	-1.7136	-0.2661	1.0012	8100	24	6
150	-0.999	0.3702	-1.7517	-0.2841	1.001	27000	25	6
151	-1.5104	0.4745	-2.496	-0.6075	1.001	24000	1	7
152	-1.5323	0.4661	-2.5075	-0.6361	1.001	27000	2	7
153	-1.5591	0.4662	-2.5355	-0.665	1.001	27000	3	7
154	-1.5858	0.4689	-2.573	-0.6898	1.001	27000	4	7
155	-1.6073	0.4722	-2.5996	-0.7112	1.001	23000	5	7
156	-1.465	0.4567	-2.4267	-0.5846	1.0011	13000	6	7
157	-1.4947	0.4599	-2.4516	-0.6401	1.001	24000	7	7
158	-1.5245	0.4581	-2.4839	-0.6492	1.0011	11000	8	7
159	-1.5438	0.4578	-2.4921	-0.6649	1.001	27000	9	7
160	-1.5675	0.4653	-2.554	-0.6902	1.001	27000	10	7
161	-1.4316	0.4471	-2.3614	-0.5696	1.001	27000	11	7
162	-1.4599	0.4391	-2.3906	-0.6093	1.0012	8800	12	7
163	-1.4772	0.4444	-2.4047	-0.627	1.001	27000	13	7
164	-1.5053	0.4448	-2.4278	-0.6458	1.001	27000	14	7
165	-1.5263	0.443	-2.4416	-0.6799	1.001	25000	15	7
166	-1.3914	0.4309	-2.296	-0.5753	1.0012	8900	16	7
167	-1.4122	0.4363	-2.3345	-0.5947	1.001	27000	17	7
168	-1.4407	0.4318	-2.35	-0.6172	1.0011	10000	18	7
169	-1.4593	0.4334	-2.3701	-0.6433	1.0011	15000	19	7
170	-1.4835	0.4342	-2.4005	-0.6651	1.001	27000	20	7
171	-1.345	0.421	-2.2249	-0.5424	1.0009	27000	21	7
172	-1.3755	0.4189	-2.2591	-0.5859	1.001	27000	22	7
173	-1.3943	0.4184	-2.2888	-0.6192	1.001	27000	23	7
174	-1.4178	0.4254	-2.3083	-0.6277	1.001	22000	24	7
175	-1.4418	0.4197	-2.3235	-0.6442	1.001	27000	25	7
176	-1.9061	0.267	-2.4457	-1.4068	1.001	27000	1	8
177	-1.9292	0.2635	-2.4693	-1.4258	1.0013	5900	2	8
178	-1.9548	0.2678	-2.4943	-1.4475	1.0011	9900	3	8
179	-1.9786	0.261	-2.5093	-1.4849	1.001	27000	4	8
180	-2.0076	0.2652	-2.5442	-1.5156	1.001	27000	5	8
181	-1.8404	0.2639	-2.372	-1.3381	1.001	23000	6	8
182	-1.8639	0.2651	-2.39	-1.3587	1.001	27000	7	8
183	-1.8875	0.2655	-2.4258	-1.389	1.0011	15000	8	8
184	-1.9121	0.2634	-2.4555	-1.4186	1.0011	13000	9	8
185	-1.9407	0.2628	-2.4676	-1.4443	1.001	27000	10	8
186	-1.7719	0.2658	-2.3036	-1.257	1.0013	6300	11	8
187	-1.7926	0.2605	-2.3125	-1.2908	1.0011	14000	12	8
188	-1.823	0.2613	-2.3456	-1.3305	1.0013	5500	13	8
189	-1.842	0.258	-2.358	-1.3529	1.0012	7300	14	8
190	-1.8698	0.259	-2.3988	-1.3798	1.0012	6700	15	8
191	-1.701	0.2632	-2.2243	-1.1995	1.001	27000	16	8
192	-1.7316	0.2629	-2.2576	-1.2339	1.0011	11000	17	8
193	-1.7564	0.2582	-2.2849	-1.2659	1.001	23000	18	8
194	-1.7753	0.2602	-2.3028	-1.2896	1.0011	10000	19	8
195	-1.8016	0.2607	-2.3399	-1.3113	1.0011	14000	20	8
196	-1.6348	0.2621	-2.1604	-1.1299	1.0011	15000	21	8
197	-1.6637	0.2598	-2.18	-1.1622	1.0011	18000	22	8
198	-1.6818	0.2574	-2.205	-1.1917	1.0014	4500	23	8
199	-1.7126	0.2599	-2.2287	-1.221	1.001	27000	24	8
200	-1.736	0.2608	-2.2595	-1.2439	1.001	27000	25	8
201	-0.4129	0.2493	-0.8974	0.0326	1.001	27000	1	9
202	-0.42	0.2463	-0.9068	0.0294	1.001	27000	2	9
203	-0.4321	0.2507	-0.9183	0.0166	1.0012	6800	3	9
204	-0.4321	0.2514	-0.9299	0.0102	1.001	27000	4	9
205	-0.4444	0.2488	-0.9254	0.0033	1.001	27000	5	9
206	-0.4069	0.2499	-0.9012	0.0473	1.001	27000	6	9
207	-0.4207	0.2497	-0.9106	0.0225	1.001	27000	7	9
208	-0.4166	0.2499	-0.9208	0.0318	1.001	27000	8	9
209	-0.4272	0.2634	-0.9134	0.0221	1.001	27000	9	9
210	-0.4342	0.2453	-0.9293	0.0108	1.001	27000	10	9
211	-0.3981	0.2501	-0.8847	0.0448	1.001	27000	11	9
212	-0.4077	0.2545	-0.8951	0.0374	1.0021	21000	12	9
213	-0.4091	0.25	-0.9015	0.0309	1.0013	5600	13	9
214	-0.4211	0.2452	-0.9064	0.0289	1.0012	7600	14	9
215	-0.428	0.2548	-0.9155	0.0251	1.0011	16000	15	9
216	-0.3886	0.2486	-0.8769	0.0606	1.001	27000	16	9
217	-0.3985	0.2482	-0.882	0.0552	1.0012	8500	17	9
218	-0.4052	0.2516	-0.899	0.0498	1.001	26000	18	9
219	-0.4142	0.2578	-0.902	0.0381	1.0016	14000	19	9
220	-0.4229	0.2537	-0.9079	0.0265	1.001	19000	20	9
221	-0.3876	0.2475	-0.8688	0.0646	1.001	27000	21	9
222	-0.3917	0.2614	-0.8811	0.0605	1.001	27000	22	9
223	-0.3957	0.2558	-0.892	0.0532	1.0027	27000	23	9
224	-0.4079	0.2506	-0.8956	0.0415	1.001	27000	24	9
225	-0.4128	0.2493	-0.9019	0.0336	1.001	27000	25	9
226	-0.4996	0.4963	-1.4369	0.3487	1.0074	16000	1	10
227	-0.532	0.4786	-1.5075	0.237	1.0011	13000	2	10
228	-0.5722	0.4696	-1.5998	0.1372	1.0012	9000	3	10
229	-0.6279	0.5172	-1.8281	0.0915	1.0023	11000	4	10
230	-0.6956	0.6367	-2.1228	0.0399	1.0145	18000	5	10
231	-0.45	0.5796	-1.4186	0.6014	1.001	27000	6	10
232	-0.4888	0.4952	-1.4188	0.3928	1.0018	20000	7	10
233	-0.5301	0.451	-1.4891	0.2204	1.0015	3800	8	10
234	-0.5789	0.4706	-1.5973	0.1167	1.0013	27000	9	10
235	-0.633	0.5111	-1.844	0.0759	1.0011	11000	10	10
236	-0.3964	0.6825	-1.4658	1.0719	1.0012	7600	11	10
237	-0.4427	0.546	-1.4128	0.5839	1.002	27000	12	10
238	-0.4906	0.4958	-1.4652	0.3685	1.0017	23000	13	10
239	-0.5294	0.4484	-1.4943	0.2199	1.001	27000	14	10
240	-0.5903	0.4627	-1.6472	0.1306	1.001	19000	15	10
241	-0.3212	1.0411	-1.6104	1.8712	1.0019	12000	16	10
242	-0.3848	0.6585	-1.4283	1.0761	1.001	27000	17	10
243	-0.4442	0.5375	-1.4092	0.6295	1.0009	27000	18	10
244	-0.4836	0.4928	-1.4278	0.349	1.0014	4200	19	10
245	-0.5419	0.4721	-1.5397	0.2126	1.0011	27000	20	10
246	-0.1802	1.2763	-1.8952	2.8814	1.0014	27000	21	10
247	-0.3242	0.9454	-1.6185	1.7429	1.001	27000	22	10
248	-0.4012	0.6407	-1.4149	0.9783	1.0011	9800	23	10
249	-0.4561	0.535	-1.4096	0.4862	1.0011	17000	24	10
250	-0.5027	0.5103	-1.4613	0.3251	1.0094	8700	25	10
251	-0.1808	0.6958	-1.6202	1.1277	1.001	24000	1	11
252	-0.4405	0.6819	-1.921	0.7682	1.0013	5000	2	11
253	-0.6688	0.6738	-2.1607	0.483	1.0014	4000	3	11
254	-0.9528	0.712	-2.5119	0.2712	1.0028	1100	4	11
255	-1.2986	0.7604	-2.9379	-0.0033	1.0015	3800	5	11
256	0.2049	0.6388	-1.0837	1.4433	1.0011	13000	6	11
257	-0.0185	0.6025	-1.2514	1.1359	1.002	1900	7	11
258	-0.2546	0.6	-1.5557	0.8191	1.0012	8100	8	11
259	-0.4986	0.6287	-1.8746	0.6497	1.0014	4400	9	11
260	-0.7769	0.6658	-2.2685	0.3566	1.0032	880	10	11
261	0.5366	0.6307	-0.6231	1.8727	1.0013	7300	11	11
262	0.2726	0.5859	-0.8696	1.4713	1.0011	18000	12	11
263	0.0567	0.5736	-1.1093	1.1728	1.0011	11000	13	11
264	-0.1407	0.585	-1.4182	0.9211	1.0023	1500	14	11
265	-0.4036	0.6098	-1.735	0.6781	1.0011	9800	15	11
266	0.9291	0.6588	-0.2157	2.354	1.0017	2600	16	11
267	0.5993	0.6021	-0.4812	1.9036	1.0009	27000	17	11
268	0.3382	0.5704	-0.7162	1.5385	1.0021	1800	18	11
269	0.1314	0.5676	-1.017	1.256	1.0014	4000	19	11
270	-0.1047	0.5881	-1.2885	1.0253	1.0011	18000	20	11
271	1.3191	0.698	0.1179	2.8622	1.0018	2300	21	11
272	0.954	0.6532	-0.1506	2.4248	1.0023	1700	22	11
273	0.7015	0.6213	-0.3919	2.0447	1.001	27000	23	11
274	0.4536	0.5919	-0.6148	1.7165	1.0028	1100	24	11
275	0.2499	0.6026	-0.8948	1.5093	1.0011	18000	25	11
276	0.4637	0.2326	0.0602	0.9855	1.001	27000	1	12
277	0.4513	0.2353	0.043	0.9791	1.0012	7600	2	12
278	0.44	0.2329	0.033	0.9621	1.001	27000	3	12
279	0.4266	0.2352	0.0031	0.9453	1.001	20000	4	12
280	0.4178	0.2365	-0.0068	0.943	1.0009	27000	5	12
281	0.4742	0.2317	0.082	1.0001	1.001	27000	6	12
282	0.4642	0.233	0.0586	0.9902	1.0011	18000	7	12
283	0.4534	0.2379	0.0372	0.9833	1.001	27000	8	12
284	0.4387	0.2363	0.0274	0.9697	1.001	26000	9	12
285	0.4297	0.2354	0.0218	0.9572	1.001	27000	10	12
286	0.4901	0.2315	0.0858	1.0143	1.001	27000	11	12
287	0.4731	0.2324	0.0805	1.0047	1.001	27000	12	12
288	0.4621	0.2327	0.0548	0.9903	1.001	23000	13	12
289	0.4505	0.2342	0.0347	0.9721	1.001	27000	14	12
290	0.4382	0.2334	0.0277	0.9691	1.001	27000	15	12
291	0.4981	0.232	0.0955	1.0217	1.001	24000	16	12
292	0.4856	0.2332	0.0813	1.0098	1.001	27000	17	12
293	0.4713	0.2312	0.0797	0.995	1.001	27000	18	12
294	0.4562	0.2348	0.0492	0.9806	1.001	27000	19	12
295	0.4493	0.2324	0.0521	0.9762	1.001	27000	20	12
296	0.5068	0.2306	0.1213	1.0348	1.001	27000	21	12
297	0.495	0.2347	0.0884	1.0212	1.0012	7300	22	12
298	0.486	0.2322	0.0895	1.0171	1.001	22000	23	12
299	0.4695	0.2348	0.0595	1.0084	1.0011	18000	24	12
300	0.4557	0.2337	0.0515	0.9833	1.001	27000	25	12
301	-0.2822	0.2815	-0.7373	0.1574	1.0166	27000	1	13
302	-0.3465	0.2323	-0.8019	0.0913	1.001	27000	2	13
303	-0.4129	0.2395	-0.8651	0.0209	1.0013	5800	3	13
304	-0.4848	0.2343	-0.9567	-0.0476	1.0011	11000	4	13
305	-0.5484	0.2407	-1.0218	-0.1113	1.001	27000	5	13
306	-0.2265	0.2322	-0.669	0.2099	1.001	27000	6	13
307	-0.2897	0.2291	-0.7301	0.1406	1.001	27000	7	13
308	-0.3596	0.2303	-0.8008	0.0634	1.001	27000	8	13
309	-0.4255	0.2355	-0.8734	0.0093	1.001	19000	9	13
310	-0.4946	0.2377	-0.9549	-0.0667	1.0012	9500	10	13
311	-0.1673	0.228	-0.6084	0.2607	1.0016	3300	11	13
312	-0.2341	0.2293	-0.668	0.198	1.001	25000	12	13
313	-0.3019	0.2297	-0.7477	0.1208	1.0011	18000	13	13
314	-0.3709	0.2326	-0.821	0.0589	1.0015	27000	14	13
315	-0.4389	0.2366	-0.8901	-0.0049	1.0011	19000	15	13
316	-0.1092	0.2369	-0.5575	0.326	1.001	27000	16	13
317	-0.1795	0.2281	-0.6165	0.257	1.001	27000	17	13
318	-0.2437	0.2321	-0.6844	0.1887	1.0013	5200	18	13
319	-0.3124	0.2377	-0.7613	0.1079	1.0045	7800	19	13
320	-0.3817	0.2324	-0.8273	0.0581	1.0011	12000	20	13
321	-0.0495	0.231	-0.4903	0.3835	1.0011	19000	21	13
322	-0.124	0.2294	-0.5568	0.3098	1.001	27000	22	13
323	-0.1935	0.2296	-0.6313	0.2408	1.001	27000	23	13
324	-0.2572	0.2317	-0.6925	0.1841	1.0012	7800	24	13
325	-0.325	0.2329	-0.7711	0.1055	1.001	27000	25	13
